<<<<<<< HEAD
0.557686352984834

0.647967062044937

0.691305468196679

0.690385388226686

0.665114423430745

0.694714091643311

0.706094295703478

0.711469407581475

0.744611118872527

0.607195013533302

0.628098569461388

0.618777611965102

0.65145467789413

0.651465930472639

0.715901244971389

0.604199329798926

0.690015798574514

0.472416998318584

0.62986229799055

0.735212275610254

0.664222763578956

0.70469188603619

0.731416263381344

0.693080905431616

0.744398133042421

0.68417778657042

0.751604251557723

0.622711255303329

0.749276770803137

0.660007218313858

0.678611794309454

0.691317401654974

0.766671094959672

0.764231680192314

0.657224874620912

0.748509594998817

0.716703013569317

0.757758907243993

0.717975543955365

0.58369525465169

0.629188079832416

0.617661043552236

0.697220336744318

0.674570286918496

0.677210483047694

0.685270981339152

0.660464995178359

0.658726666248967

0.502619781211547

0.615605824041855

0.699192010786531

0.647992080018094

0.686736980537238

0.752710732310027

0.711685926427508

0.722124350594618

0.727059949246661

0.569563402067209

0.69167481843581

0.735100132147972

0.680263832493613

0.630564889643401

0.696386186913486

0.525358702563361

0.750341573640338

0.685470336020451

0.489280278014456

0.717580714533848

0.67618707611738

0.649462412461593

0.652092010727738

0.705712632566757

0.682822349783899

0.595417268883888

0.691439563054931

0.682084755257989

0.699268421308411

0.712915580963926

0.73247288185338

0.682906576688515

0.689743776466649

0.555992062782588

0.618255932992001

0.576480126044465

0.662650336721525

0.712866551341783

0.659100979461241

0.656685207760528

0.601400642891138

0.667703007502084

0.674223325724403

0.72254254089501

0.739567008470816

0.712177268126371

0.657288431210867

0.579051119628279

0.678135987397511

0.509310747888928

0.687860465628169

0.611293272651963

0.629181557567966

0.716307986030629

0.673592754585714

0.614713326107543

0.658599402814098

0.602924620951808

0.634128298161757

0.685393002519354

0.655129496947836

0.724697356627085

0.641240513574553

0.635798015213213

0.653820459911977

0.680142414338848

0.64597180323778

0.504891859687935

0.625613595673383

0.677887526572682

0.736116104485195

0.711212471982434

0.652971371594376

0.703666340744737

0.555675356674214

0.670235101546376

0.655367603310088

0.686244958986218

0.671643758247327

0.719771038289924

0.624741185815419

0.602903853629604

0.653505480947372

0.578844784037253

0.603529474781981

0.640824545495511

0.501634965474998

0.603130875251834

0.614432813061595

0.633011488273251

0.646714417064276

0.800669701924943

0.703739695082157

0.710530660251015

0.733408100008745

0.617645459212572

0.609522061276885

0.653230962983986

0.635165673577064

0.7218954333571

0.7179476968478

0.655803390038561

0.59864127113731

0.692412719366061

0.726524058341537

0.672974469268916

0.550424441728347

0.754054884410902

0.681228152340108

0.644459451600176

0.517445295080162

0.62135983035746

0.64170485903029

0.699419279696

0.721962546788604

0.748929264082582

0.677080825041618

0.658118824849927

0.511424409440364

0.66321711445332

0.685497025332743

0.738012226469578

0.713007831315771

0.679842317464253

0.666626113414237

0.671906816655174

0.57759174902775

0.624137870018112

0.688210283558

0.781608315638276

0.688154911387174

0.599751781496151

0.724135216005533

0.729732348337469

0.675047185556668

0.690042082188646

0.506520132305648

0.707093173463105

0.582619649196355

0.591254936081133

0.635426405084853

0.577647870633395

0.670417413332723

0.669567049660304

0.694151020720133

0.628347847109392

0.590303415987652

0.649071677126715

0.817297366422878

0.607774588273119

0.689655306440111

0.664451636614137

0.639508307800362

0.69479114492382

0.588982907943563

0.631206969921099

0.601105243036562

0.676994052482773

0.624884948869242

0.702373736925723

0.629410032757959

0.777552698475122

0.704935250308071

0.607091275440531

0.648858347016621

0.666777271064242

0.513045650903194

0.594241724500342

0.691564199023503

0.651184702882711

0.694601235518042

0.717970925425813

0.688473958155764

0.589738139662657

0.506661604809443

0.765666135924189

0.60891849042419

0.605620356621793

0.717709634937978

0.714109967138386

0.736019519729424

0.703235787770396

0.718904915923009

0.673813707290717

0.557835415403594

0.663130580864656

0.685031922340519

0.661973990066065

0.724328665076786

0.664763364157392

0.673720286870012

0.717598500395304

0.807159099879401

0.685246952532304

0.607048437670467

0.547690902490999

0.747836552984667

0.76026280554061

0.65351961830109

0.594556827681725

0.827985753159201

0.725206878441183

0.670327890096344

0.750458570412045

0.63548856106123

0.62686854672693

0.599927526092602

0.691282645742267

0.678617992007074

0.595141575842814

0.599497909799375

0.675421531247942

0.552539785982718

0.664805563355432

0.671623955727741

0.674443902874339

0.617403681032843

0.680276762525023

0.675004879745664

0.713692076210563

0.734812237494876

0.728004819871897

0.611933517656377

0.67544632283388

0.620070223961195

0.720257487553293

0.628979551853505

0.531082215012028

0.734265729242055

0.641138004973192

0.693574399699196

0.679661886415324

0.654990917046119

0.657817941002738

0.669344029941748

0.761426621023451

0.651271241200044

0.652058863006239

0.685346128201338

0.676211119061197

0.651186199519158

0.638454250655914

0.649306682843678

0.621776385892459

0.64584804397686

0.623426454147575

0.655156070165861

0.678707956448596

0.692106018144014

0.625593750805915

0.731486615331301

0.673539280405514

0.656974340641445

0.596873649136675

0.514297415635212

0.708913063704986

0.668047410912737

0.697521323725984

0.627278234479854

0.748647190563823

0.655527440995277

0.713516482981007

0.735050061798191

0.728586230901584

0.679208292742385

0.585912112229123

0.626644773312583

0.685925892739981

0.677652299907672

0.605165393270565

0.606902024746364

0.660067086310704

0.55221657010169

0.698902754034613

0.725187464873428

0.660238547595884

0.620176825621084

0.652988112372352

0.73221878330665

0.720537674822075

0.642799859794945

0.550836972555096

0.746324222418646

0.606349850510094

0.731379966986055

0.742988831542118

0.661034184275103

0.638565524652932

0.676474676828236

0.685424814834379

0.682952153125911

0.666411390987166

0.547955465456669

0.700459825390059

0.631551526948936

0.61781171048515

0.673394586367228

0.645772937739457

0.723063835872518

0.64922472454798

0.591153897879116

0.612156700050905

0.696027951111444

0.652461918137951

0.654851818336672

0.649667970737848

0.715325969555588

0.626525405694143

0.700456145473762

0.776140345251029

0.556985839719332

0.73778002410794

0.805386987179191

0.708199027207175

0.525267881906933

0.693968879277539

0.667398175956491

0.672005338397947

0.776046179551285

0.612878312233003

0.5401687217259

0.611069694417772

0.721401669316583

0.584485449053348

0.729024169522902

0.690754056557868

0.695389941296676

0.714536573029209

0.678322775508964

0.678066465786929

0.67293164135751

0.653254753102428

0.710796637131692

0.7265953953065

0.789479601530495

0.670914601610145

0.62278854893382

0.686670571934685

0.718065297786798

0.382599731252892

0.620941604682951

0.673967267169726

0.723825222248887

0.686353779517017

0.703783266539753

0.664959395832031

0.703628059396203

0.715620755220169

0.601263982175124

0.610092774862634

0.68001101893229

0.642344354089512

0.695839232644826

0.61118924596138

0.628075521044597

0.565559107002589

0.660561689411697

0.766103882547633

0.741515124190095

0.688145263161148

0.660707789362758

0.766272883853187

0.644497875066998

0.726146915992187

0.612650833799093

0.587424989402651

0.654497708535361

0.686266160559391

0.523858592969758

0.653670596948151

0.595338996417197

0.701745221827283

0.712970825195523

0.631401519569844

0.649180217544419

0.746555956263097

0.703129990749672

0.631075898820844

0.677336736089268

0.621368660687279

0.669870694505215

0.672596799140967

0.768417612906128

0.736002017812667

0.701943883593076

0.718713531139561

0.639730002087423

0.669814953451582

0.663191934917436

0.723898711605039

0.67635301095983

0.708037575915386

0.683232401268943

0.636272520418852

0.638944418642064

0.634969716021422

0.597435813982936

0.755721890205067

0.634744460519816

0.609241512499358

0.716866767486377

0.643459648435278

0.751438172335435

0.689389511543086

0.623846471713489

0.705206790805108

0.659751638871562

0.643443768938164

0.565883594225849

0.792528505197971

0.690132229678423

0.642090185105302

0.66977211096206

0.644660177073902

0.62802756561088

0.611127942152165

0.679682731171692

0.690391101275824

0.610949522401447

0.64117491458673

0.657099847370725

0.680297071108926

0.642790765850415

0.642752257608173

0.567383187292135

0.574711926797673

0.640040691915073

0.770910028724761

0.578062233092389

0.616366473938129

0.555833183293286

0.642134668812924

0.552136397091389

0.642563731346001

0.701744575887291

0.682814767425653

0.771373976917378

0.691331508041222

0.64478683934093

0.660067594981289

0.733920867275398

0.679019353359871

0.409426280648458

0.672270735702327

0.641938158058399

0.733561628220013

0.580476294986017

0.703908595172532

0.656768553082452

0.696412099665768

0.535257188256152

0.642199979049348

0.679767691762651

0.763355725476805

0.59370824321403

0.643263657498052

0.636407971604277

0.656848646177356

0.702285412649909

0.575606481394195

0.643393835636945

0.575275255247423

0.651717048344957

0.603652088800356

0.692659446507376

0.663893785915092

0.598573397605003

0.638986126460043

0.61376902656484

0.648687021298917

0.766605111599122

0.688464351526514

0.683523764696778

0.603665220593647

0.696777014502521

0.64604150190314

0.730006004728986

0.682857444781018

0.632482696824415

0.601455525178957

0.670993002049133

0.614700308959199

0.629751459497805

0.734083576324647

0.713438098928436

0.697848691913458

0.610820779793962

0.800168801106834

0.656324303847138

0.6907196804258

0.752113409367042

0.714748186018665

0.682750440867904

0.747727854571341

0.681868855872195

0.649221505072342

0.629141738189223

0.63786875578447

0.634288700706406

0.703846399101935

0.473543135428538

0.583885039869814

0.612058421429896

0.660804123469902

0.638977362347199

0.699093171918579

0.61706823590581

0.754235886860449

0.647265075213024

0.693370411361313

0.79060538292148

0.639325452903938

0.622275032950389

0.694137834627545

0.549759027192621

0.763054923929735

0.742297108366247

0.636379055377974

0.626785803203809

0.695338353604497

0.676545340941592

0.674702388780575

0.669149751372048

0.686926643879718

0.735332783095905

0.701382996554297

0.524058644888175

0.741553239683364

0.718938233415157

0.643037248951385

0.707814198933725

0.646185544259853

0.670441379854712

0.720448940542485

0.699100595013841

0.631349847799377

0.63959394276063

0.636809661712074

0.569652647406295

0.681583540448617

0.690008753472546

0.756987872912589

0.652229035457345

0.715624189771656

0.693238683482622

0.688655038353721

0.668901588480755

0.67444042179646

0.702706449821513

0.697179605660328

0.670002711654363

0.625834219056176

0.644163682075345

0.641919830107365

0.675846908491088

0.713745080317485

0.679967679704454

0.662045109359668

0.65400533221131

0.584864003372484

0.693164654749507

0.639990011234945

0.75661741940112

0.62190357632554

0.764060655110927

0.680179317548046

0.637640963462305

0.754398412026113

0.665285309509857

0.74427370247625

0.660717175076899

0.701247167663025

0.676356625661854

0.671598108287457

0.524718170318894

0.594390581395109

0.634974698671643

0.68260831353433

0.708974364605907

0.713160819093261

0.714263102600844

0.710792794771433

0.645066862013126

0.675236716326959

0.679087502543382

0.648039331882709

0.693699860342521

0.610125075237269

0.657862379562535

0.624505718645642

0.438992894218138

0.730129473012056

0.667660824195361

0.668229532421493

0.740473896244434

0.582929330722702

0.720187643521571

0.65062391246275

0.703527749374367

0.639760363695782

0.763077776279355

0.698338354269126

0.552938238560502

0.683799818115931

0.609232719701738

0.587526557744742

0.676049643108233

0.609309989240581

0.674902216438071

0.706346395755816

0.626976192210222

0.770722227791001

0.618348663910052

0.722200445315625

0.663938660052741

0.695285386556752

0.621774483973112

0.751169671089789

0.527221390765651

0.596561745264006

0.66378415580781

0.627887352826973

0.737597867241183

0.648271809444202

0.639683737017921

0.713400560286858

0.621260224215337

0.721993054025467

0.653640652012686

0.675316998733073

0.732825061958383

0.654852678853177

0.705718527721189

0.782780620585779

0.681447405988428

0.611753961622083

0.736877722433304

0.679106572200506

0.685526712163418

0.707990485461653

0.611226019348214

0.591709328140393

0.625238414578489

0.649433954606177

0.717680592288073

0.717855839568493

0.65449608861032

0.595760496004278

0.63761526567464

0.748989626335472

0.610103281277099

0.651669979043407

0.649992478626865

0.730273635973359

0.526756054494092

0.747652550342952

0.709736631985692

0.731879037670911

0.740481241054821

0.544252346257565

0.629222707306801

0.712607851627082

0.725481935262868

0.653017404033375

0.736821243450734

0.676703066731841

0.602480362780825

0.589152659514258

0.711830424088874

0.610707756575017

0.60619255400041

0.721413709331826

0.642165397619359

0.680574979483013

0.694456876877099

0.65777892883392

0.687577646861584

0.681042942133943

0.627341427464719

0.684551139226018

0.649829251545562

0.641336236206576

0.63802509511447

0.691718131204134

0.766751284219853

0.698886321169227

0.780381990587492

0.643978241198748

0.632988838359929

0.690009447136275

0.707917284803824

0.682656856883727

0.640512129684886

0.641884487634698

0.688073155002541

0.651693030578072

0.628494752528885

0.630412234218401

0.639613283581069

0.53734588685745

0.686666414126839

0.514028478026771

0.63960202716537

0.713112374320202

0.628480550826753

0.703758753100716

0.622774833424199

0.521974481860832

0.603276884012437

0.705452173425484

0.602653704629083

0.634234188477427

0.608793482454339

0.759903356210525

0.715864962765215

0.660769994557667

0.739116587588087

0.646787661389978

0.725976517159712

0.534437246632174

0.661537334411058

0.662354745177553

0.654038617103574

0.571861363749016

0.681935002757928

0.751849220079478

0.661664081074543

0.734519547276767

0.642633063502791

0.724775309438441

0.705157714009647

0.65838155828002

0.64233596970584

0.523296078738276

0.742532847074925

0.642720759383172

0.679336518442922

0.705029780862612

0.68761255571505

0.637855770342689

0.653826779029703

0.710025293424774

0.72817055652966

0.620348420391086

0.56188514686416

0.654001812424778

0.708172440780717

0.5612773303903

0.682614779885833

0.618216037431715

0.753155770318351

0.671994985994938

0.635232679182139

0.729246767270691

0.617920949751056

0.750484258362029

0.571848817506966

0.578955225333395

0.790834546695947

0.696554919019053

0.558036618166754

0.74061367821438

0.693086500758532

0.72377496420903

0.611923123256006

0.660827028884228

0.630492045970725

0.585545965477764

0.652882271860306

0.63885503959311

0.678180730639633

0.763424269694899

0.727584952295138

0.677091771027801

0.668030392475058

0.646544800095285

0.726403268693213

0.719198336062952

0.719735992024445

0.632002097004609

0.624651954162698

0.691553882124999

0.67032769143889

0.746123201379648

0.687053013652697

0.596020312327058

0.622676235434273

0.734237320730617

0.718329659581632

0.674943136071435

0.575981635987649

0.669492961863219

0.782517474135956

0.588940643029599

0.676231508043978

0.598560238429176

0.697782641515248

0.701635947304649

0.764205604728616

0.651981964341167

0.691777889016049

0.618717138617931

0.734706427777495

0.625889900534936

0.672135204219017

0.576124219334922

0.709465883911243

0.695283482264722

0.688212519567423

0.755178539603011

0.59658055448084

0.704897318757331

0.677147940557229

0.698801743026336

0.654716961687364

0.616852312458669

0.551687782547065

0.567398967678688

0.768679722730229

0.660280334158468

0.625343090979145

0.689713364591903

0.603653760123942

0.642925686912412

0.690221926690359

0.62279266397089

0.578524546546212

0.624982198441753

0.689783251217686

0.625486329857835

0.606311463587331

0.592460344700018

0.709427652631879

0.728024030837229

0.681850341702302

0.657675020537476

0.651777495529116

0.74477941648055

0.692993271820328

0.728296222054943

0.70058817437304

0.691496456032748

0.693155870201869

0.596320760621686

0.69359874133062

0.647101406555992

0.531160541369752

0.655013503093502

0.723152968767936

0.798642497187434

0.698480290567577

0.580793623492058

0.660176513733366

0.484740168359667

0.749631439710214

0.669965753961475

0.641160890442958

0.67575766635535

0.747043522310983

0.697691429687159

0.680213221167923

0.714838330277138

0.628269138507528

0.597791213808371

0.63475088931442

0.628868068568247

0.56153489723734

0.687245862482556

0.714885529819699

0.697022953783739

0.564770222949596

0.533780019274452

0.713887491919477

0.641717396018479

0.693668628898011

0.6694566695216

0.706463462246465

0.634193220919029

0.707528620008825

0.570489959030121

0.64163985358123

0.664892529993242

0.597398035989953

0.724127741153623

0.708274908902496

0.598390480410841

0.599721860348658

0.730060801005714

0.63130457155162

0.652830968306655

0.59089589666543

0.731732904594976

0.621628962564849

0.677341922948675

0.817357046181348

0.603395280201715

0.699284032396137

0.650131532040556

0.684275387393415

0.709167954121062

0.706136565044858

0.656782456277322

0.63539674873228

0.67373398885999

0.716331929700333

0.617527264263704

0.731838441191766

0.543228579914726

0.624313740308653

0.637398862947262

0.566985960568695

0.629930896253058

0.687331194804278

0.487288127395367

0.670682711499971

0.759171529030894

0.686273760948763

0.623788848563119

0.737286016509144

0.679988674719625

0.669638589649301

0.705953806118866

0.609826707921565

0.639114352843648

0.621315267831358

0.612682448630942

0.591241626944628

0.625137331035429

0.649140799687022

0.597733907361012

0.6391734542445

0.63003364525001

0.587360743710259

0.664805987202387

0.639213594599687

0.618921822156483

0.705573536311051

0.700700842681273

0.716807851795431

0.619761758804484

0.567893269002792

0.721613887225808

0.724048652562265

0.646395465083008

0.633936730836556

0.692163256993647

0.704907851771927

0.691702551199064

0.657678621419121

0.629184826389995

0.643076354191092

0.692671504643874

0.639485846263948

0.672630299915495

0.540113118100294

0.681884902792504

0.689195425739467

0.658489173144793

0.73516147110389

0.712230631843596

0.634768422419046

0.620133935326986

0.690733943444056

0.781578760632128

0.735486825424584

0.632231503871645

0.646608808333696

0.760408956929964

0.705208310443814

0.742531744894279

0.669723155289562

0.664650450919649

0.644241408210403

0.654712527515275

0.677874366172712

0.767715172045875

0.585232815952855

0.742511539134442

0.680777187555087

0.705312057993342

0.664364148234082

0.698942574416521

0.543824913938771

0.784075885307782

0.590556650004305

0.570944101059777

0.540594460311587

0.729755375924754

0.678247478368115

0.676774382088514

0.498533987810881

0.619737861356559

0.734729473232901

0.777578148905079

0.722438240730275

0.714207992783371

0.573245784940912

0.588487708434469

0.661085341134369

0.515976530236879

0.750640700894368

0.610553013082051

0.664246700552964

0.692166805488631

0.668918752064054

0.673702512510309

0.645155724142264

0.771480237341133

0.615379774786564

0.753501698359836

0.682695501826343

0.673588346155518

0.668719220281143

0.676750010564525

0.733525726306801

0.632347004124248

0.598498223956962

0.632535283646289

0.645502827683391

0.641523387244717

0.540705245665309

0.646848317098553

0.619861632114033

0.618256730743186

0.715434846270094

0.731636839736198

0.656290471493243

0.660459001251805

0.650423516126199

0.663995535704098

0.713380995816922

0.619586225994123

0.714504331177844

0.660240984858228

0.589929580945715

0.704066949054732

0.620231388341811

0.641792722976427

0.680876656957424

0.576694257168033

0.731934171484515

0.588074564795894

0.686666508947356

0.717174070742176

0.580423031756724

0.715525667633619

0.59090707546819

0.706338337430375

0.689043835851998

0.639009699732155

0.667737124442919

0.549621199166623

0.665773652701357

0.593103710274653

0.651286452021984

0.716386977912695

0.745055698594502

0.61847748769936

0.580631127801949

0.744320306293378

0.682177294236165

0.639579836939205

0.711541129036332

0.699322513876949

0.663558737446494

0.625329934029766

0.597860585029666

0.647403496695859

0.702854810224945

0.673828513892797

0.766229306434244

0.665167914672817

0.620556547530517

0.702028764289127

0.689521726043108

0.686473872613417

0.671710897778733

0.737121414606368

0.636872648769074

0.635207209415341

0.661712801834703

0.671406311045352

0.633132344741373

0.610994180195088

0.634472096080367

0.548278277788401

0.595598956819877

0.569423766947201

0.692015250918298

0.696493655576224

0.625302919098212

0.651154096028036

0.6322591029271

0.732763503456182

0.710334923342791

0.747427558885779

0.699731670829027

0.632468528193181

0.688929294581112

0.61021171951322

0.74756609824244

0.666607268867001

0.68879569434205

0.639417127906532

0.565723206154255

0.644843403540416

0.650191126260019

0.477001633483943

0.597458030562028

0.607008598356939

0.722590581028858

0.643608943518012

0.631075661068689

0.718529551931038

0.712752642213717

0.718046095373303

0.614752498575804

0.670200352826824

0.625426269561353

0.768550450006107

0.665438313213273

0.469400739283587

0.582293793534395

0.752804885183215

0.627222779285141

0.774599379453929

0.679718161217249

0.624486410083438

0.691229756579958

0.623054906921522

0.68548455769536

0.626243314418809

0.637913350041006

0.683492903108452

0.56964313301699

0.594439882673281

0.641047763182622

0.836329649218425

0.61883032294767

0.645833690495322

0.660957378401338

0.73285504052382

0.652927114816537

0.73846261833065

0.57401831530519

0.670095817313856

0.633589243315279

0.606348476758323

0.618910918195211

0.677450275600292

0.667137534872932

0.522497471501209

0.709455303316703

0.569466521984706

0.640918285796286

0.65354676617015

0.796236764640435

0.711626186495567

0.598389481523007

0.657899668362171

0.78605941168546

0.682277430830458

0.646320784671884

0.683346746842837

0.654727486650477

0.748967686389549

0.70826024271455

0.599860892924132

0.642547660453631

0.703408739127312

0.512691198083217

0.575530253143005

0.500069235992889

0.648052322024572

0.637683805857133

0.634383434838553

0.646719800696384

0.765707193088159

0.664399467948794

0.674938672313197

0.689513961916277

0.697580007143517

0.628816909954626

0.660363183869197

0.663111576178908

0.624821491169319

0.621427959831603

0.682935264214188

0.584391086949796

0.678775954659133

0.725607336907999

0.682284367402608

0.624451720651013

0.674843490123213

0.70476050481121

0.693723004226768

0.656640664518567

0.713084903875629

0.629463608199142

0.688162121568538

0.626217763511105

0.651615539164048

0.598083329535009

0.686220044973116

0.677022340454635

0.714892601931168

0.726980050428007

0.504526032130379

0.696540310934006

0.705877974424286

0.67713414690021

0.7278286530172

0.646868311964842

0.727023983739915

0.734174480116964

0.70810471606336

0.652252815946849

0.757191320300536

0.580845791882024

0.619453997478144

0.693840645311593

0.716624733599678

0.721793166106452

0.62903245794859

0.6417582596865

0.554590422733253

0.641943008371804

0.626211354209224

0.51599146651454

0.671531830238425

0.599964565963222

0.635091035342054

0.722479322120013

0.716270161354685

0.593583193783259

0.624796553017525

0.633628756859507

0.672904946834811

0.642121008778164

0.740421053881943

0.675061222243924

0.725809180908673

0.778450828781356

0.747031125938387

0.762330854576706

0.711783572540152

0.625122561723623

0.674177088294152

0.730435724370103

0.574266112798233

0.596889043491596

0.721693798538936

0.685355172326168

0.749095620446554

0.663479987077727

0.687963449067069

0.644418384981502

0.743460654636591

0.599239526771225

0.696815383597063

0.672595293064248

0.620423702180443

0.655387828774258

0.660057978016426

0.640312380200215

0.67844550667634

0.785811104542988

0.682016528139727

0.703626004682111

0.687477084613854

0.724417861697239

0.667266776010933

0.515261993908931

0.543327233003672

0.738393456650777

0.620770801619775

0.674810152322316

0.691640562690499

0.718673751059219

0.664909801884183

0.722277712893326

0.695304772764062

0.661695697242637

0.595523396601314

0.56012755098611

0.61842646499028

0.666184397750228

0.629983060484381

0.710558245049506

0.68489759176538

0.746057278654481

0.712948193071172

0.67192185873543

0.628466293148915

0.74735981861857

0.666211524573705

0.645842442284351

0.683359829323072

0.766581281064092

0.699753730065849

0.653697733200506

0.695083562470766

0.702490557936711

0.625718888387251

0.709396372670176

0.702110997030867

0.703882815700646

0.606352894914512

0.718734961876501

0.728403830534406

0.650158167312995

0.712189839036353

0.715025533208242

0.739712662500099

0.58477969264489

0.752301462815783

0.756423502346696

0.664006273785932

0.669669789161635

0.650240897854321

0.732833385211582

0.617268478654316

0.65794805007446

0.627260705436046

0.638375320153821

0.747256889629943

0.680767033332435

0.58022978644527

0.68201893954028

0.692369172503433

0.701907363012536

0.782834110027044

0.619177650757763

0.756501101604622

0.697573995362342

0.58446529435736

0.662304203183356

0.59449035667074

0.642593023844918

0.684730574416851

0.724215488722803

0.656921847514692

0.706052855080652

0.69545721586008

0.60363188917914

0.691857405420487

0.591998044544298

0.616429840781912

0.635310960499867

0.641439380496324

0.678444427779272

0.476512169692181

0.639959134400369

0.761383123207766

0.691267577035657

0.714578512883669

0.655426327434907

0.726895310166574

0.594953449582581

0.71217421367454

0.772209398864342

0.60603677882841

0.642561929835524

0.602061260771592

0.709501859481654

0.629044297236679

0.625137103484591

0.704393950004592

0.679034214539243

0.691505579615523

0.752314875991115

0.660859900024323

0.697468070681941

0.742468360281771

0.782790448426553

0.653455812604162

0.604768103203361

0.703385394811995

0.62001139583748

0.702632487827824

0.558943681468781

0.688050420243945

0.650237118653721

0.504787196151643

0.621623607679811

0.710901459099826

0.514920924779694

0.684726025028966

0.658206558068832

0.638839121671617

0.742297072756865

0.596955904711042

0.693025877471775

0.759449477145882

0.685909180358795

0.710087112087427

0.659111808299623

0.723648975588265

0.710315680913917

0.68436207522545

0.550983399171166

0.752293735784484

0.696763630513746

0.618756718133127

0.68640843868102

0.71645642798332

0.732130701226628

0.685318882292296

0.729652986931971

0.724025325884183

0.691223361135973

0.65488469048934

0.699747618312918

0.677193276986923

0.627164015070637

0.709486738316504

0.716043348484992

0.638394537408839

0.721486131337508

0.70588962785525

0.574748940464338

0.561418513486155

0.68976226686993

0.596799446629817

0.765659154078328

0.730749710717376

0.637822467423471

0.722763602572797

0.710309520804501

0.596735031007674

0.684672954574439

0.679035083907978

0.675798765002196

0.70300755413611

0.686355063217906

0.694228424420371

0.698572955860969

0.691949558904672

0.68102452418786

0.645139896401145

0.666225028696505

0.618487862160836

0.678652840680746

0.711418256451418

0.652696199536574

0.576563119501775

0.637662708963179

0.603992979561714

0.728100930648651

0.687602378245498

0.663746405182775

0.689166123805948

0.651523115106019

0.744901360912094

0.667883116422099

0.690176908367202

0.694917199647393

0.678432838519735

0.648268435080073

0.790531754517991

0.635179591860752

0.754829882442006

0.772171418276112

0.546520178074072

0.671353923642473

0.618793868750302

0.599145204520125

0.649702397482558

0.724751391323578

0.65190907021985

0.754688784600149

0.592314831065435

0.646303591816537

0.669120938282353

0.63570646152126

0.575733933061144

0.719137915914028

0.599916073662384

0.682850400421749

0.601406891531401

0.598729414738195

0.730843206265745

0.70562795991167

0.658138837509229

0.69432024484127

0.63268326586881

0.701264646189078

0.686115268942081

0.540957685599776

0.682192251984855

0.534690726015591

0.696790647798683

0.747372120050202

0.57169077851706

0.49650098066812

0.665643410154039

0.667600740361871

0.578261289083304

0.66230226554881

0.742506898535331

0.691806267162911

0.678557573064753

0.668665414128176

0.710763182317305

0.657704880802078

0.6042939727383

0.703216786754197

0.544143894495129

0.73485455401915

0.617548864293569

0.774044172760635

0.620136446398625

0.659630255549066

0.719404847580989

0.736857560157002

0.685010683092427

0.745647406813229

0.612418566328579

0.695855997763973

0.613437272947084

0.677089822058861

0.650614126298369

0.709457804119673

0.666367222158217

0.535642732025076

0.621823188428691

0.732181667840603

0.627359577808626

0.633941078302589

0.707608414928682

0.752632555193547

0.714529940784057

0.690666995826272

0.706286086675406

0.659574201816977

0.756167061272424

0.71153422129557

0.713233316541553

0.549215414793186

0.54087258169496

0.713310150357141

0.632199642071729

0.618796953365324

0.729548122338181

0.705817021275723

0.614059171609629

0.642089503558675

0.528366090354423

0.613736796185844

0.620991877593627

0.615113203775061

0.672836067348783

0.703929630115965

0.68817273228117

0.67997537677991

0.680167246847798

0.578246707946825

0.658114840433263

0.698224312644967

0.774502893024323

0.716117268092151

0.668526383024369

0.600774951135921

0.663288311645684

0.550866423354675

0.645534964681505

0.711602295174434

0.706538824591847

0.61857754204184

0.570455659229788

0.671670675995783

0.617005112254705

0.682021236835234

0.502859003343773

0.64364741457179

0.650648997354083

0.734656955665374

0.690756681112925

0.635064206862086

0.654151809319949

0.693505553463768

0.643704859409756

0.679980171360359

0.658104354175782

0.745444032999451

0.756796985472927

0.680339636331396

0.675619946017214

0.77352489931816

0.653645969007858

0.690726096849937

0.645829950146158

0.69448097818291

0.608670805428188

0.720728720853422

0.596106554080706

0.609747356827202

0.441520556100479

0.616368862286082

0.653770392535329

0.604304386641499

0.757466491297502

0.641265625029621

0.735436182630386

0.705313981451442

0.618400272521935

0.539860482509783

0.74616401628554

0.622454637144893

0.633232225632781

0.702024808848556

0.666726122223133

0.688201701144868

0.671781235515448

0.603746830556806

0.70336215758183

0.589271321189292

0.662594441340021

0.715796989056546

0.55780102631739

0.622423147967656

0.610344709097066

0.607068634586995

0.685909186459774

0.698432783644182

0.75059829892845

0.71778754873946

0.650471270754578

0.589251098423192

0.721561800597857

0.728459393055232

0.575892749368264

0.645796674492996

0.666816461302793

0.529132086809428

0.645014967915323

0.667940604099962

0.657123772781293

0.752386225080365

0.609252276309714

0.675324795005542

0.702302412097969

0.721576638302968

0.663629825067603

0.667569558700347

0.573688519104921

0.573481678087793

0.596313406664423

0.676263454415993

0.523215098379189

0.644605764383441

0.657632656436441

0.742668148474521

0.593928136769381

0.623821427887351

0.536702999930316

0.73892496359358

0.67780117836669

0.606243516999032

0.72484808152356

0.484933106702547

0.620918193816003

0.66969381417167

0.672841179340967

0.708346029716342

0.696768601776317

0.749511371753886

0.745398186349399

0.722264075826493

0.592049932405793

0.618299707433778

0.702865071232138

0.710201560421366

0.680489868231548

0.647411873284023

0.647083617190351

0.622959977618252

0.684970265612869

0.695749293006435

0.690214656869653

0.785969355545388

0.685967356859855

0.733452091666147

0.701901521220253

0.587846470322722

0.646464071945326

0.709907431657914

0.771311075480107

0.616406411535123

0.711427692626404

0.657775027785753

0.71898037643438

0.589059178513835

0.795267328291356

0.671186241985197

0.655969519425065

0.646855750819097

0.695286761251013

0.744577177906401

0.660143126918012

0.657785399834699

0.683901098705211

0.613553329460879

0.627985857205681

0.706620975519856

0.640074681538178

0.654519424383696

0.601941082451984

0.650708693372101

0.711009294941411

0.5178035186791

0.718229470968739

0.6503779622697

0.67543646021832

0.693621076933846

0.688664388051784

0.581367901369088

0.740514631961945

0.714491227603036

0.703168557923976

0.782529353379745

0.593521035484543

0.726782076241895

0.691379284832353

0.701287995183498

0.590247116301736

0.748309952938297

0.6967169315322

0.575257417382328

0.749601820099557

0.701639662059715

0.712983425634482

0.696466330283452

=======
0.472036609821794

0.562656421167255

0.542800856045225

0.555757112129403

0.438346259762805

0.523460177127104
>>>>>>> ab55f45f8559f574f2476375bd647cfdb8cf9362
