<<<<<<< HEAD
0.819435543152609

0.774195074496432

0.792000681055532

0.842964351784619

0.842642424594047

0.787966881909092

0.675020412000298

0.786599688398414

0.69405495700287

0.832979686868177

0.817091673408721

0.804528492006451

0.803643472347795

0.819549842226432

0.779978109805733

0.862384499175146

0.769204000284678

0.703072843976074

0.753759777059788

0.750996791066512

0.778103578871555

0.660120863521001

0.86471700050746

0.792235556666493

0.834783641661976

0.691247690756936

0.834756957853684

0.840286583158981

0.851427798320428

0.789432271679282

0.825512182959906

0.721804321427458

0.679927472466714

0.619605499436484

0.793092942952217

0.820512703453307

0.828732877544504

0.846928702238362

0.834567848627994

0.827367263834718

0.837254521792491

0.816923024006003

0.258209259772721

0.848888152292648

0.843444582901972

0.732363890837073

0.824410423505048

0.802714726231797

0.779890357316021

0.824860341917018

0.857364433316197

0.759624496773099

0.813125542864782

0.648582791088112

0.782323343652976

0.832813556113364

0.82393430155002

0.769109673101829

0.68847151814752

0.774221157069877

0.79708081988668

0.670841069710788

0.818432382057693

0.831175029863783

0.825424870892952

0.755958631737142

0.817102159130804

0.829950126082296

0.830894456697532

0.799482131691847

0.818592109053433

0.817948364838459

0.847870925975935

0.835612265461358

0.753849882020233

0.757083228248035

0.749910459327456

0.838092560457467

0.790338318638564

0.787395469577585

0.781419270282574

0.754753756106594

0.811212472659336

0.835823217953506

0.842342552080455

0.839487307328838

0.83311422940026

0.813495054995966

0.819067656144374

0.808834833880086

0.791224216966715

0.836339342213744

0.848295018055401

0.852390693645044

0.827557131143615

0.79983032053262

0.865523267901561

0.55801367997936

0.820956534543629

0.820380198201773

0.790172450891238

0.779184350493092

0.816383442716245

0.78870880722586

0.823362076632363

0.83390546782701

0.636850468282062

0.842079784095923

0.804926091853532

0.66839678767787

0.790565069474212

0.6440869498429

0.826859392655533

0.816701354004028

0.827695330981049

0.329438368795181

0.793983229721631

0.814471516947814

0.847823449957754

0.84883331710413

0.836797392836795

0.818127361457059

0.792403344191674

0.837679159388963

0.799229217833441

0.810167511611021

0.79425887338518

0.839123759829241

0.699509585831769

0.379619868714424

0.794090953538689

0.799774800438359

0.728461063621061

0.754914818108644

0.829494077072185

0.790383878258659

0.72314577288909

0.627174764663149

0.842565022617647

0.867598834708446

0.713259299872538

0.715495738907654

0.375290449558208

0.686836892912211

0.809113140085323

0.699174105888869

0.603343564755728

0.859803693084276

0.861994559920785

0.789976873796293

0.821059081270122

0.84298326299348

0.61044193411599

0.630396032650421

0.820021130409497

0.848648090283381

0.842501463746808

0.833977886877634

0.795274556855651

0.837237114413748

0.81851634105855

0.773624678716512

0.84525394602051

0.621251117600324

0.806079328371722

0.703615410938687

0.598252886467949

0.269322225052766

0.778583026197166

0.807029496789574

0.794924933607835

0.706487348952728

0.833926901598854

0.860978918800845

0.755694397144966

0.78454653231705

0.802912308595674

0.818039759023639

0.776900947515267

0.840819067574498

0.824351251819172

0.840904700480194

0.835496198492698

0.850602627010485

0.802552698791216

0.826808174891116

0.530453587504012

0.786816756219913

0.853405033049811

0.808202063966372

0.692708930900372

0.805622803392156

0.835252277465853

0.820616468605363

0.813021914159078

0.814899080560642

0.153900588195115

0.842092436144337

0.808706470705067

0.837847932950767

0.828151572208682

0.773008725487452

0.75634652448991

0.821338023128339

0.472375227628991

0.826164687474749

0.827231371682987

0.694912027197811

0.83532896803067

0.827400290827558

0.822748451888953

0.787335381590945

0.84288228720779

0.648584409804123

0.673802166290736

0.737597421024712

0.831672898098858

0.830125142148114

0.815511608529193

0.753896781002458

0.800873879674492

0.707067419013484

0.754014645463453

0.707551840831248

0.82921292360798

0.837981492261005

0.833304073515046

0.816885422385342

0.839694888535534

0.835084400712238

0.794409450666891

0.835856286423716

0.831373919895321

0.818875279340188

0.833004766221636

0.804914933047999

0.822971590619245

0.642457633875722

0.835967516511041

0.828888182001347

0.653793476024287

0.735926562336438

0.727853529812843

0.82255388964722

0.59748746769962

0.877168511334113

0.805542549040113

0.806420577016247

0.655678446197097

0.364710447650712

0.837781214070831

0.704240654121915

0.765357733210145

0.824257707235558

0.7816540217358

0.850451158623244

0.823148849219717

0.784346062475601

0.831337858944293

0.838122737637293

0.580264883036373

0.808452538922953

0.708753607739959

0.830373618829645

0.838283656384238

0.811757206818218

0.512367903741591

0.597452140996685

0.82561359444466

0.694142413773509

0.814768468097109

0.673582730152569

0.822288272952049

0.560853081082615

0.72158428476107

0.601804579046697

0.812562509001832

0.832743689663484

0.814324111566032

0.821529958244518

0.810020532428861

0.832235954403563

0.695286131689774

0.755305298572567

0.821592977995666

0.823376893098095

0.835924041559209

0.83330461824766

0.794193410125263

0.843942044129444

0.672613338634293

0.816829563476869

0.834972327372989

0.833341035279526

0.817109048032286

0.795431438896299

0.830779043706804

0.807538814156773

0.681856418721508

0.828156062351335

0.797698299475629

0.737545072093913

0.743529659167718

0.832435225914733

0.606162813224722

0.711724452078003

0.825298330248261

0.825403494660653

0.790090757910905

0.196035205315773

0.830955855125845

0.591040130728816

0.836992679386156

0.64769230492502

0.777525010307887

0.798375934170599

0.857993583099287

0.678060293229483

0.826536326457098

0.810509139088421

0.708064720554032

0.646311376082421

0.604252122195794

0.84475716056969

0.829010555313407

0.81219251590016

0.810976435085041

0.847918816601202

0.740611564103256

0.83071749945291

0.293461141252604

0.837374345394037

0.829611028820093

0.825738840856734

0.823053165845832

0.82412199422148

0.843773138856332

0.836204820147062

0.826800375841223

0.813511878363975

0.831821367486313

0.818059509167999

0.765412068366803

0.834750458958984

0.82156413261627

0.819260620352077

0.841215560166826

0.827725375089876

0.83423750396472

0.840630031122106

0.686526630632012

0.840577207674291

0.803714878297319

0.840877396699449

0.843592812214936

0.73846559598099

0.810538926854111

0.666941790520518

0.738878059777822

0.82526257664821

0.903784570500097

0.865650025342103

0.304666230787548

0.852173149536933

0.577788899780014

0.863788233683047

0.75970704109675

0.787094774372376

0.815285173163901

0.836963182468542

0.813709171639529

0.807227792423918

0.829642756238235

0.783366161510301

0.821452911918816

0.819036412885736

0.743116135335712

0.851712880630866

0.841979908349705

0.66145565632875

0.840891977106658

0.853842576641836

0.655973897979513

0.834877962387081

0.823339344304471

0.793902601961032

0.740863458853715

0.689302350738577

0.808583678069778

0.773527894729363

0.805826824884682

0.807274169799708

0.830056328888806

0.829341798826182

0.845351084651003

0.855973080565767

0.808883573702234

0.854801728705632

0.81142091149074

0.634990260781887

0.841435303525145

0.629985882851146

0.821904433919773

0.800832692817412

0.869455204279105

0.711269395041136

0.83132630930099

0.850621745461325

0.809999816494077

0.857409456536867

0.813945391952362

0.811129704761728

0.838028704167795

0.80715731519205

0.811607449809676

0.835979691937466

0.805990994832342

0.81971947514102

0.790711471489998

0.827796390373852

0.716030234978823

0.788257743242041

0.847727651274964

0.694664659995853

0.843253183989774

0.839852961735185

0.836115365187367

0.78422608845735

0.786232932333358

0.835091612676183

0.871243657336711

0.799477974645516

0.801854155841569

0.845431389533594

0.698673157968467

0.85269800150318

0.860195254481166

0.81773104512911

0.832247487011308

0.872973164916277

0.820140905828335

0.816959170821753

0.64173193128383

0.791637559234682

0.838363747897524

0.680184767639221

0.833551811984986

0.79356050724413

0.850366086315667

0.778504697411689

0.734524240716119

0.781724549878487

0.81694763122352

0.850837062613622

0.811316882903388

0.598202513135717

0.670472822750402

0.560808229103007

0.553570300433264

0.546642323972863

0.832183908984494

0.860700598942369

0.622300425048671

0.858191004556882

0.788411703541053

0.659629881559311

0.797000514915208

0.68424560355277

0.813280872928155

0.823902155065488

0.825585126094977

0.78198313911839

0.823094451043111

0.796876801575786

0.762878516078892

0.867178253803292

0.765575604142231

0.780440030869412

0.833401785519044

0.837477127218946

0.740807662105686

0.697763756275621

0.82681804682018

0.791174305255449

0.826841580611313

0.81159754545664

0.86272228324033

0.848943476976573

0.847063097524667

0.814495023600952

0.784062345676544

0.711022051429745

0.815971649707324

0.720230472424029

0.838971877902675

0.823673393027659

0.820097508349182

0.709368537942944

0.77554330294621

0.667628758233024

0.827989113216433

0.841056846868129

0.814593726867966

0.811193132395915

0.791991721455269

0.740507008401566

0.825675354574052

0.781990242368857

0.807599812627189

0.799115227959952

0.739364028365567

0.781001993837794

0.700774307942345

0.716351782242309

0.555271134280052

0.81716157843272

0.755526550887634

0.782994355105009

0.373824464784111

0.763262245082651

0.775221429244837

0.810519870302474

0.816934300517016

0.71321088808538

0.640348510608673

0.848768923508535

0.665304939397024

0.610598831767436

0.798552285948861

0.789841985049829

0.820235962435339

0.856257423355497

0.637661153897016

0.844171139392183

0.734154064223439

0.87170977024387

0.726028121379437

0.684316708712898

0.868288207061393

0.813756241317159

0.845135607900491

0.818757139484766

0.805663464967421

0.818107574293897

0.832615556479858

0.725218382395605

0.826228684200297

0.82476739595439

0.821211707264246

0.738686167635162

0.836685214660444

0.788804822331649

0.81373825096836

0.761097508940296

0.71137405296781

0.751288193358127

0.788143161815099

0.735182949681559

0.674373476704017

0.618388939736251

0.848908815271656

0.835503073213849

0.752041905180187

0.788598719610473

0.641909177186583

0.827673225864534

0.839781531913028

0.855375803519746

0.808159934988029

0.26199235064227

0.837672484267345

0.824841456599505

0.832010487331273

0.710955326088282

0.593454062788829

0.880085554646869

0.357663352306322

0.710390523607404

0.804972427446555

0.804675127202276

0.824042527506867

0.696218987022173

0.738847793552414

0.85537766098972

0.696707086902629

0.70012481185772

0.755269089980113

0.835280711623537

0.688373004139757

0.868012538730972

0.818719468125411

0.829471051648991

0.828941217965763

0.830930916767286

0.828128331634851

0.684241287495133

0.489142417659768

0.787509834227869

0.605109453774961

0.741975712719002

0.855273342067187

0.817166284013313

0.825194780613094

0.85618491786368

0.84115730242982

0.8327852370351

0.808664241206714

0.681849726381979

0.826030862169527

0.828018893437267

0.699808702940395

0.815163291307709

0.756170187851157

0.826479430572035

0.857547964463805

0.810695148564983

0.614596679079673

0.742045096498508

0.832564708249874

0.817971390407523

0.806625119000207

0.834141617068836

0.568404876373959

0.805663820665878

0.806394725404908

0.712799179297394

0.734790915676825

0.724651910872856

0.778492724781692

0.745252282055108

0.792841273709527

0.833912258069727

0.8108949256227

0.8090574229536

0.794711975082026

0.823431104252207

0.81870005687311

0.779395684755487

0.566885502766644

0.816166015656843

0.843953960723038

0.81746828302862

0.871499810314204

0.800473984128253

0.800145987872386

0.857644373091601

0.498789586382809

0.669313498713685

0.724943483876864

0.844395557246335

0.797158809630297

0.84824751653945

0.838509138968396

0.762584711717274

0.783156777898161

0.831745948091447

0.780182270685454

0.81925803520462

0.827732899794001

0.472858249895501

0.758376910364602

0.870846760775643

0.80110605139498

0.796705383854625

0.785918888571727

0.777436907351053

0.840382710546995

0.86543979685065

0.815519791743825

0.686110921056396

0.667617429324909

0.573138497624782

0.712250605346672

0.820573914796964

0.845159906643194

0.696894876387411

0.837453287704647

0.821719070299389

0.831953752296032

0.846417578390937

0.509766130356491

0.752793549565122

0.825017318357756

0.832381640241767

0.85322575998774

0.737084353665704

0.818745193966231

0.850051620266699

0.802826247799954

0.799667884494176

0.780080032071776

0.826302903160093

0.807580661383976

0.843276878884316

0.777005335475695

0.797873501070556

0.833106591008198

0.816551045264169

0.804418869215259

0.617864743866547

0.633059018829309

0.838105509266594

0.845374312086056

0.602585035495835

0.849626581094776

0.828361219769355

0.680924064774934

0.790979651860262

0.8454962059557

0.670696929248862

0.841492535863749

0.842222443269665

0.765994569154446

0.794035646650005

0.8126312327454

0.840199382826574

0.776819391799267

0.626311710769283

0.804544167909415

0.84435983730862

0.769993623810126

0.817049715730714

0.829336623657345

0.805877172151134

0.70753678685569

0.824852832006688

0.827610431214899

0.805161993109803

0.828442758491003

0.802458882022177

0.808607552337137

0.775932871841567

0.708230756109375

0.823623249884377

0.836918801147968

0.802105872328748

0.746833128196303

0.81632757682802

0.727639481420166

0.836381309741431

0.784875158356513

0.773765268189194

0.652148371078616

0.717166959230814

0.821543544014296

0.862031507214768

0.752970835253457

0.8116826434852

0.833455139869416

0.724032021031146

0.674861875932574

0.811422557027776

0.811148789018374

0.846334686209913

0.817123582546283

0.846001644664847

0.804829742219901

0.851007832038913

0.831098002800188

0.752963030029633

0.799199380122534

0.789281119291184

0.478654614277582

0.677609445607636

0.842327787264371

0.81071666004297

0.769543158556166

0.789438368596536

0.645298489928194

0.833573511823656

0.640263846578964

0.320464946363604

0.837622327983514

0.458996083643883

0.864067482808202

0.766979865263819

0.813739418800656

0.847973666819196

0.752271103601388

0.189277179872407

0.824316516660996

0.83876828031299

0.823271124019178

0.822777444315856

0.839100093626017

0.638526405639321

0.546527566059617

0.82699293076702

0.833334309814395

0.806450259457511

0.854967245514824

0.677145157176691

0.806523085245705

0.706636296247267

0.875953697385133

0.804094576635718

0.788798779311808

0.840362311369042

0.833647250689251

0.856262759228761

0.810157501102914

0.677593903436323

0.573216971847553

0.758119250418974

0.814085386578445

0.80831610005265

0.80066763723852

0.687096919341316

0.816384141826591

0.848574736074773

0.836817075709553

0.836602049332869

0.788743297857473

0.689895186845069

0.595850992793819

0.833979059594389

0.419752084467811

0.80234136381927

0.593862872540177

0.615987270835304

0.824136447616519

0.698497777823187

0.824865274030087

0.664811843270599

0.856351537008295

0.84240588166172

0.830221628912577

0.819176604634689

0.812515680878507

0.824061666119037

0.831824167987881

0.828052929324593

0.695387604765183

0.65733464241819

0.789005212602895

0.745498866250138

0.716821396257564

0.843137645709255

0.640749277145775

0.807716229235296

0.795777413942244

0.853823431255267

0.857133991271757

0.800970655527131

0.67868254856948

0.833498768598158

0.41772658656746

0.836712239193346

0.846216701923932

0.511390808812287

0.855944909433498

0.803802520809586

0.820393888972691

0.81782846641749

0.82801760826576

0.79034712436345

0.755145057999415

0.468779971669565

0.838331706015492

0.841453238543263

0.834331033170529

0.840052076705172

0.835404966383365

0.820643096678142

0.809944441623505

0.80161960485245

0.806987356381137

0.827329572697998

0.829834901191007

0.67694679794577

0.753772991771471

0.720438247871512

0.740691931229213

0.664848434774629

0.818660868940165

0.760423695537419

0.814633906299149

0.844349255382197

0.83730969475168

0.610529551997007

0.711258499206919

0.62137320025428

0.857297439431758

0.814776179954082

0.832747747149696

0.68230005336719

0.843201451679012

0.749273214024562

0.826994424318402

0.543484655744956

0.808490775032817

0.809089319163167

0.841587704118253

0.830019079773703

0.800656018399707

0.713590803092329

0.736249644330367

0.856420307165261

0.822799926467067

0.79531054726486

0.818968237812917

0.665047288807524

0.700679774953903

0.817484141324414

0.837949952169427

0.845276083533553

0.792732363064352

0.82004583569756

0.841972818844141

0.838199722524024

0.755788835497175

0.802160383221022

0.841503946254806

0.732659459458747

0.81330596807191

0.813086397606389

0.845765044195158

0.816731970781234

0.810182352005773

0.680043009419703

0.751298820604959

0.801411436425093

0.840463360357183

0.810715375196618

0.765401791947904

0.82261863209148

0.618418797159474

0.799689451595462

0.562561977236221

0.832436950961574

0.799977517934159

0.840422071551008

0.803967709878393

0.833202220938388

0.806314059443322

0.776664413525192

0.797732310913288

0.813486269430972

0.704432971171518

0.37603749838352

0.815616188104613

0.792465884147447

0.500959253258754

0.740829156417867

0.771468457807087

0.799804000800615

0.797690646639339

0.727779250713694

0.848917578628316

0.826993907472473

0.72657003454098

0.810130782590006

0.852738785108108

0.839270401477643

0.847494138324512

0.706307829935172

0.846855274123447

0.792541664050281

0.506908519244907

0.735544730152592

0.842843863389286

0.550400686100546

0.69732075786446

0.849422812396905

0.608515008691743

0.759413544224743

0.85839520281772

0.811101370714367

0.656448235144429

0.848273485418556

0.554585230405068

0.810608739823444

0.803640114605615

0.82294480078519

0.830808108719607

0.814648475634623

0.830257984324073

0.73596829948944

0.840792773013691

0.682654940016523

0.576862019136902

0.837605152306875

0.828198577716775

0.834865282975745

0.332679913398175

0.811243634549037

0.84303386345743

0.544609412322356

0.517336667742893

0.813383613814918

0.711170817349939

0.685933114936006

0.813576093194434

0.847423224795259

0.849727450749498

0.853762581772842

0.694283011686791

0.788956530955626

0.808349217481936

0.37001945970785

0.801588261014962

0.82083903052062

0.824840526053568

0.832057763066857

0.800002483142858

0.860755798141636

0.817205503128717

0.870181361791052

0.6725719717494

0.8239922909375

0.785328228206019

0.845346468176084

0.702101997539669

0.800557866568873

0.805823507307053

0.758917766312252

0.838657182593208

0.746203527851782

0.620832355191109

0.806385436564588

0.711957353763564

0.816569645998909

0.699854773281638

0.862745742222965

0.292252751616719

0.609342046800188

0.849772179229007

0.637120744228333

0.7956331223433

0.780896518271485

0.590834652616961

0.472640569596838

0.802198940798253

0.781245636160598

0.788971948041307

0.632573158196036

0.810052008291883

0.564839233314628

0.792378645516768

0.82448139176164

0.871639028476104

0.767599033772405

0.821469205189639

0.596892530198416

0.697047039234683

0.797242726891178

0.642586838591771

0.430137896654306

0.830479638185797

0.781172446870896

0.830649761900919

0.812592504819713

0.813558729586253

0.799513905736221

0.838218131917444

0.779560868175733

0.710205179699193

0.788231967482873

0.823558701205628

0.827652538216675

0.873949068707871

0.826586819724795

0.805602518297567

0.826792355615049

0.829550117554799

0.820347358852842

0.821807171265179

0.818484667818446

0.789862940072571

0.846479642119772

0.833671764224296

0.831410682686483

0.834912615221021

0.834075229931043

0.837376107981222

0.708112063977175

0.824479818504557

0.853665626077952

0.707402001445282

0.83022462757179

0.83220908033605

0.65341848173383

0.807330856248027

0.845190483435032

0.779911226867089

0.827869884374762

0.497468207679566

0.784645578119479

0.829740430664117

0.826536939665258

0.825476083091116

0.625324475650691

0.665636442575136

0.787956605364318

0.556250771964384

0.850271468426156

0.825492664222588

0.597717169945263

0.807168032544095

0.802434614613738

0.799755110356605

0.640108282999429

0.809377417877333

0.457767981248474

0.836162099298906

0.60822422009028

0.803961123021566

0.817483566205487

0.740568776585676

0.813271757621188

0.790524480358656

0.826777950240197

0.830733687518408

0.78781338928902

0.803128991582896

0.824648132199721

0.741996791564026

0.805877523180883

0.774708059735689

0.834386268055364

0.799277704300175

0.848757511004525

0.791075957292265

0.669213820841747

0.808452077449086

0.828805443775744

0.815630016427759

0.821730316220792

0.830595907829057

0.848837584486383

0.831783593434309

0.814684257632921

0.809510830918884

0.789360786072778

0.820810815798926

0.675461183372994

0.846017791620652

0.724635349151183

0.840236539487136

0.856036590751576

0.829533090589285

0.83947165427246

0.758569951518807

0.802435572586486

0.808804676612064

0.782803522464512

0.81242519619376

0.815618529543735

0.698099680671132

0.793541747767178

0.845130339483797

0.755024553660474

0.569994504753416

0.813560251323086

0.81165415818487

0.748281804909752

0.836256990040922

0.686031238883442

0.764428917046849

0.842121152854577

0.817685103113414

0.850131061918734

0.839697062715773

0.817050040229428

0.822141377804207

0.847718308949675

0.81633283997056

0.872587253893627

0.71480307459212

0.53770408753321

0.841759009943063

0.838957798070131

0.84379930008614

0.779761333793633

0.813498737962861

0.698328897288977

0.840463268739029

0.804865997506992

0.830439435133835

0.793399086743547

0.803195604164146

0.82455932865241

0.814129767039219

0.800257541152204

0.824004298659747

0.420916696307143

0.784525684938842

0.840141565752557

0.716463194587067

0.855600594582654

0.659766792407987

0.843811976578168

0.670733520265676

0.621585318749227

0.796828579424188

0.812083048756748

0.780462099418189

0.832122681084893

0.834018672601468

0.797497927508788

0.814960812632002

0.848648729000115

0.816702432454872

0.822753270339543

0.302961912444431

0.83661139314155

0.738189910782873

0.85613179851964

0.494265368720708

0.824144570938311

0.816881723348401

0.818001008057768

0.609943269230317

0.789210692230927

0.855061592634631

0.799855752287846

0.570989690160769

0.775470332337458

0.775901455495997

0.473438640800578

0.786168915297635

0.759443323483129

0.810031431519629

0.823100636913921

0.764700035058765

0.794232315438311

0.798203183561838

0.82204231944431

0.818636944248005

0.819215452288542

0.829931547229363

0.843249004114266

0.837010766460156

0.72015940952563

0.803703251492159

0.608837994639983

0.696108183268968

0.749570985013279

0.839588738591709

0.801647685233165

0.438822580440522

0.805727028440467

0.832993467742254

0.719307519572491

0.584345915831341

0.859873681261038

0.819706583041046

0.535566141858308

0.831980314432778

0.85362039766581

0.681901486964958

0.848776374322083

0.82575983133479

0.789710372517597

0.826685758415468

0.821453987628268

0.769914644977892

0.726146051231177

0.823165054260626

0.794199237725718

0.814747035316523

0.809643291934991

0.793396065991826

0.83449305421763

0.820497972888655

0.859520351851013

0.837615449230739

0.829871904059942

0.836001508092737

0.849046776787284

0.852744353969793

0.812388017801214

0.816122505341421

0.809792635378751

0.727115900250715

0.803981320746212

0.830864160550656

0.830349124829949

0.824970538629877

0.769356019777236

0.740623806317131

0.813831606943057

0.798591799728003

0.844248111551888

0.798660736161008

0.53963371712969

0.837918760810426

0.854687008265474

0.786593086498447

0.81451811774628

0.719334674824958

0.830833908678693

0.833025896785266

0.850883752745455

0.557236421079957

0.82303416011326

0.605148545733835

0.82641180334087

0.752420690380946

0.811369968667532

0.805676845746946

0.733355759498899

0.670564944969475

0.863481016478258

0.853117990373564

0.85734491974232

0.790746492489166

0.660949519271819

0.805006693131991

0.79259464242178

0.704716321893633

0.206135496685493

0.86143375960054

0.855842971740232

0.538560642748786

0.839599391622042

0.803206078535506

0.847178765034756

0.838668756030331

0.842078627984075

0.820273940724568

0.807486978151159

0.679090600539365

0.831771529753638

0.842628680567608

0.829352876562476

0.805409020981162

0.70998544959349

0.635741747504455

0.830384545664487

0.804773034855157

0.560044304787419

0.772449011825019

0.830482549318603

0.709906984762665

0.749891046616817

0.816957112765162

0.793070185413214

0.749802232622175

0.875838822848098

0.673414948951215

0.823881591632974

0.634179883985266

0.842969982595079

0.670968629368177

0.816364862850497

0.772365075087104

0.824883083425321

0.517123963678477

0.839812191571324

0.817813664240992

0.830933262520832

0.817595935367506

0.846136229338308

0.15437121702345

0.806106547878678

0.823813912822622

0.778484344893052

0.816296707674215

0.6423625223611

0.583362459510466

0.841456194335451

0.461630769959365

0.67170150462746

0.729476753292982

0.821165190788886

0.82840750324041

0.844344916853483

0.830516528306188

0.83149524540505

0.827038943218346

0.337273126966552

0.843482099473731

0.831649452705287

0.831008732075582

0.846770302266927

0.831190208535533

0.801204138459968

0.822352661664954

0.759262230328016

0.833302622069382

0.849403330295792

0.436502552101366

0.811319177376219

0.834592044885621

0.79375225555229

0.826087140166265

0.797012528159782

0.85605724187486

0.80536673374753

0.830826222950916

0.83506461043015

0.835193266800465

0.798407401174059

0.808220347408288

0.462411646452966

0.832737045713007

0.783583597070396

0.840839690462301

0.642919592246397

0.803811840812658

0.726367618034687

0.798310237688454

0.845975987612882

0.771984824906971

0.839924898868499

0.314402970524334

0.811114451746014

0.634423454730943

0.539734879115082

0.704971916827749

0.658711773174191

0.832263821492079

0.722899935540792

0.8110247976281

0.82674249595104

0.688882771032819

0.701512874966773

0.785514762509014

0.817581511138081

0.849570605407983

0.679732599053854

0.838396654208172

0.844986469122654

0.838392814648169

0.865713932144262

0.834088841467986

0.84167069915558

0.791640376488189

0.824891171339289

0.853003823434951

0.819703247607549

0.778825719686383

0.812779837953497

0.833992113159208

0.838972520644921

0.686769817901482

0.801159020535445

0.711474491429275

0.851580237567566

0.65168551881366

0.686530343894104

0.832811027013332

0.815108488359991

0.853680502449633

0.636040434129305

0.816307439453248

0.74086945786563

0.826464579811559

0.810592346167066

0.823382697665661

0.646229857432514

0.803694285972231

0.813900329149702

0.786636851741469

0.685762852199894

0.860185227897195

0.54906041967269

0.778717928617526

0.838277057751207

0.82022926390707

0.81735446793442

0.75580881329758

0.837601477283384

0.678476316916908

0.796214859718226

0.653992569025006

0.740881376034157

0.856485156894534

0.476000449552283

0.855657719618627

0.805152294200421

0.828312151058216

0.861192979197371

0.663327276541861

0.472085760176708

0.830983504725289

0.828456901627482

0.870864991939794

0.822572405058972

0.811795706854459

0.842512807130965

0.832367700356622

0.745606324961155

0.858387101536464

0.819449644152264

0.825422155863763

0.781230739174529

0.629510574513845

0.792205869730611

0.833559828871594

0.864174826832453

0.850360285973566

0.843932703148619

0.763320812943414

0.806928034297927

0.724036144379096

0.810205028500524

0.801801700860522

0.833573112316427

0.832733352391453

0.849562066171799

0.830352666854086

0.758981006325179

0.829546632203175

0.82350134695333

0.845359102256954

0.758521618280386

0.769856165506591

0.843493982862878

0.686323142339847

0.806599779200691

0.82774983847326

0.812623389413435

0.814553869980916

0.597352830854745

0.746876815075894

0.809715394764126

0.827663870676016

0.826820684379374

0.691386001846618

0.795322484182028

0.835485513799561

0.545916633100726

0.845475824373494

0.717714769682623

0.72865908725824

0.6812332430573

0.729870224748681

0.867055264769012

0.837721059501872

0.832544595434743

0.629407524357211

0.658673469305126

0.827370003057184

0.810737819338672

0.645853895097883

0.838855928274838

0.630001063736872

0.811627412351049

0.838241944404734

0.822211420316828

0.814730423243734

0.725419697425605

0.808443550593852

0.820899221037278

0.631495349361018

0.397857188876676

0.854681835144544

0.803572884932531

0.846241497711899

0.840621087899303

0.202626977740719

0.710431084367409

0.850830919565565

0.468571185114557

0.790936879908396

0.834700353862198

0.699147473825941

0.817418326373028

0.842907842077653

0.801888100249069

0.839508731737663

0.855353179170248

0.589037860773746

0.70820083087022

0.722980636569737

0.774922609154652

0.851936513027763

0.827769033537084

0.85018093159329

0.819706749764305

0.81740424767503

0.839768860704335

0.844206993000523

0.810449619094204

0.819965247648069

0.832830259773558

0.856772288863516

0.821039472987564

0.838746803771898

0.815981899413617

0.838889739437193

0.854806605270423

0.838279747856503

0.80308129345595

0.84384952842318

0.669313154906204

0.67074682431246

0.839860471874509

0.769055710404796

0.689954091069953

0.634712370279593

0.814444376144991

0.864075566676858

0.786128804660253

0.745026078887307

0.678555149409832

0.812751907372056

0.828955527593805

0.730880925760858

0.849621449014451

0.805620710205217

0.826427560068352

0.609783240856511

0.648579374951748

0.841082464198842

0.660707220496296

0.847629875981972

0.75920633569501

0.743637591358579

0.826679273206708

0.851964043573355

0.830226142126133

0.836553586936877

0.761669623116886

0.817517080907459

0.845781755078656

0.595224436628676

0.786399359478265

0.834535831770412

0.824417863058763

0.81084581169661

0.875002894106491

0.665695903242368

0.836593905748511

0.823714645126068

0.818900656542466

0.859270947528123

0.826610484894023

0.702964658860609

0.781967259956552

0.812671195585543

0.625694555106949

0.695308126561519

0.858562442383931

0.535516736159126

0.829073182663227

0.848253312245435

0.814357031143158

0.818924260116007

0.838386751891894

0.826028153832191

0.825268287058649

0.815549321640295

0.668624869757165

0.753806115883818

0.842732687902312

0.834180448328789

0.788767564268305

0.612218178539653

0.805747387065683

0.821204855586684

0.792531382875674

0.788185003948912

0.835686541439015

0.544581394709891

0.807986584691231

0.822346818444615

0.817962013573635

0.807864376560931

0.534172865782667

0.834379086595107

0.822636912750119

0.782983687812963

0.819629707392657

0.579441184547844

0.823373562443825

0.612538831222106

0.81703133529249

0.752352658891693

0.769748702891555

0.821705498591509

0.858484264909944

0.838424017072945

0.834459318585664

0.776899307968294

0.781217036903863

0.841719660692402

0.812691460642539

0.49918285620608

0.849354043598991

0.549446428059886

0.828371626487823

0.830823436664699

0.273531632776813

0.830966251553132

0.825590534279256

0.647024475661467

0.842479004061208

0.82208992875518

0.805605262042289

0.860216851155251

0.792519254675615

0.694684247874128

0.791787649016597

0.831904834303652

0.814716570242542

0.659434033875673

0.727506711434186

0.816197035491104

0.746206996991074

0.78580711065766

0.724321836770344

0.843186804124412

0.738998579764732

0.629023598625003

0.788224240780729

0.815698090394178

0.721236258023429

0.809021235668905

0.690191519803217

0.833879689188155

0.844423944692094

0.853784987732572

0.846281791740435

0.569997798396045

0.81011927343629

0.722745621892095

0.785636718274566

0.670378860646835

0.822014356330586

0.80077536956632

0.836342841694518

0.828339325769553

0.825393314383689

0.818855080831879

0.796494019236682

0.51518238630745

0.625870692186074

0.836856901141253

0.692102004153174

0.809640953033897

0.796874883750513

0.830291484647623

0.848727700027717

0.712094704301262

0.827694157694954

0.823056409104439

0.818096481873328

0.72078444151574

0.776296105673158

0.725148815831794

0.787513236488146

0.836098085713945

0.852905054986461

0.837917866568286

0.851603095831901

0.651582885664252

0.70955667411882

0.815785250459987

0.817282290756869

0.739498687124563

0.811139677947808

0.824245807208314

0.805125663140582

0.808758900483368

0.87377184816459

0.81322603067382

0.806773912155055

0.845578095319072

0.807966304750196

0.860148183414907

0.793855549981486

0.677027211540638

0.81267570392398

0.737395966127411

0.86077212906707

0.664094172449526

0.823176575384517

0.768650430926652

0.85972672627679

0.814798513736202

0.581363613154767

0.38067275317667

0.838592148289208

0.60884023142829

0.484079526668133

0.84243990790775

0.861770336548108

0.542402850019229

=======
0.687309722021779

0.731700646724362

0.589215971808938

0.633348599621278

0.561676937913318

0.679149796712782
>>>>>>> ab55f45f8559f574f2476375bd647cfdb8cf9362
