1
0.9
0.9
0.9
0.9
0.9
0.9
0.9
0.9
0.9
0.58421052631579
0.58421052631579
0.58421052631579
0.58421052631579
0.58421052631579
0.58421052631579
0.58421052631579
0.58421052631579
0.58421052631579
0.58421052631579
0.58421052631579
0.605263157894737
0.605263157894737
0.605263157894737
0.605263157894737
0.605263157894737
0.605263157894737
0.605263157894737
0.605263157894737
0.605263157894737
0.605263157894737
0.605263157894737
0.605263157894737
0.605263157894737
0.605263157894737
0.605263157894737
0.605263157894737
0.605263157894737
0.605263157894737
0.605263157894737
0.605263157894737
0.605263157894737
0.605263157894737
0.605263157894737
0.605263157894737
0.605263157894737
0.605263157894737
0.605263157894737
0.605263157894737
0.605263157894737

1
1
1
1
1
1
1
1
1
1
1
1
1
0.663157894736842
0.663157894736842
0.663157894736842
0.663157894736842
0.663157894736842
0.663157894736842
0.663157894736842
0.663157894736842
0.663157894736842
0.663157894736842
0.663157894736842
0.663157894736842
0.663157894736842
0.663157894736842
0.663157894736842
0.663157894736842
0.663157894736842
0.663157894736842
0.663157894736842
0.663157894736842
0.663157894736842
0.663157894736842
0.663157894736842
0.663157894736842
0.663157894736842
0.663157894736842
0.663157894736842
0.663157894736842
0.663157894736842
0.663157894736842
0.663157894736842
0.663157894736842
0.663157894736842
0.663157894736842
0.663157894736842
0.663157894736842
0.663157894736842

0.9
0.9
0.9
0.9
0.9
0.9
0.9
0.58421052631579
0.58421052631579
0.58421052631579
0.58421052631579
0.58421052631579
0.58421052631579
0.58421052631579
0.58421052631579
0.58421052631579
0.58421052631579
0.58421052631579
0.58421052631579
0.58421052631579
0.58421052631579
0.58421052631579
0.58421052631579
0.58421052631579
0.58421052631579
0.58421052631579
0.58421052631579
0.58421052631579
0.58421052631579
0.58421052631579
0.58421052631579
0.58421052631579
0.58421052631579
0.58421052631579
0.58421052631579
0.58421052631579
0.58421052631579
0.58421052631579
0.58421052631579
0.58421052631579
0.58421052631579
0.58421052631579
0.58421052631579
0.58421052631579
0.58421052631579
0.58421052631579
0.58421052631579
0.58421052631579
0.58421052631579
0.58421052631579

0.647368421052632
0.647368421052632
0.647368421052632
0.647368421052632
0.647368421052632
0.647368421052632
0.647368421052632
0.647368421052632
0.647368421052632
0.647368421052632
0.647368421052632
0.647368421052632
0.568421052631579
0.568421052631579
0.568421052631579
0.568421052631579
0.568421052631579
0.568421052631579
0.568421052631579
0.568421052631579
0.568421052631579
0.568421052631579
0.568421052631579
0.58421052631579
0.58421052631579
0.58421052631579
0.58421052631579
0.58421052631579
0.58421052631579
0.58421052631579
0.58421052631579
0.58421052631579
0.58421052631579
0.58421052631579
0.58421052631579
0.58421052631579
0.58421052631579
0.58421052631579
0.58421052631579
0.58421052631579
0.58421052631579
0.58421052631579
0.58421052631579
0.58421052631579
0.58421052631579
0.58421052631579
0.58421052631579
0.58421052631579
0.58421052631579
0.58421052631579

0.9
0.9
0.9
0.9
0.9
0.9
0.58421052631579
0.58421052631579
0.58421052631579
0.58421052631579
0.58421052631579
0.58421052631579
0.58421052631579
0.58421052631579
0.58421052631579
0.58421052631579
0.58421052631579
0.58421052631579
0.58421052631579
0.58421052631579
0.58421052631579
0.58421052631579
0.58421052631579
0.58421052631579
0.58421052631579
0.58421052631579
0.58421052631579
0.58421052631579
0.663157894736842
0.663157894736842
0.663157894736842
0.663157894736842
0.663157894736842
0.663157894736842
0.663157894736842
0.663157894736842
0.663157894736842
0.663157894736842
0.663157894736842
0.663157894736842
0.663157894736842
0.663157894736842
0.663157894736842
0.663157894736842
0.663157894736842
0.663157894736842
0.663157894736842
0.663157894736842
0.663157894736842
0.663157894736842

1
1
1
1
1
0.663157894736842
0.663157894736842
0.663157894736842
0.663157894736842
0.663157894736842
0.663157894736842
0.663157894736842
0.663157894736842
0.663157894736842
0.663157894736842
0.663157894736842
0.663157894736842
0.663157894736842
0.663157894736842
0.663157894736842
0.663157894736842
0.663157894736842
